55, 1 1 0;
56, 1 0 0;
57, 1 1 0;
58, 1 0 0;
59, 1 1 0;
60, 1 0 0;
61, 1 1 0;
62, 1 0 0;
63, 2 1 0;
64, 2 0 0;
73, 1 1 0;
74, 1 0 0;
75, 1 1 0;
76, 1 0 0;
78, 3 1 0;
79, 2 1 0;
80, 2 0 0 3 0 0;
93, 2 1 0;
94, 2 0 0;
144, 1 1 0;
145, 1 0 0;
157, 2 1 500;
159, 2 1 0;
162, 2 0 0;
163, 1 1 5000;
241, 1 1 0 2 1 0;
242, 1 0 0 2 0 0;
243, 1 1 0;
244, 1 0 0;
246, 2 1 0;
247, 2 0 0;
250, 1 1 0;
251, 1 0 0;
252, 2 1 0;
254, 1 1 0;
256, 1 0 0 2 0 0;
257, 2 1 0;
262, 2 0 0 1 1 0;
263, 1 0 0;
265, 1 1 0;
266, 1 0 0 2 1 0;
289, 2 0 0;
290, 2 1 0;
291, 2 0 0 1 1 0;
292, 1 0 0;
293, 2 1 0;
294, 2 0 0;
