1, 1 1 5;
2, 2 1 5;
3, 2 0 7000;
4, 3 1 5;
5, 3 0 5000;
6, 5 1 5;
7, 5 0 3000;
8, 5b 1 5;
9, 5b 0 3000 6 1 5;
10, 6 0 3000 7 1 5;
11, 7 0 2500 8 1 5;
12, 8 0 2500 9 1 5;
13, 9 0 2000 10 1 5;
14, 10 0 2000 11 1 5;
15, 11 0 2000 12 1 5 13 1 7000;
16, 12 0 5000;
17, 13b 1 5 13 0 15000;
18, 13b 0 30000 13 1 5;
19, 13 0 1000;
20, 13c 1 5 13d 1 5 1 0 15000;
21, 13d 0 20000;
27, 14 1 5 13c 0 5000;
28, 15 1 5;
29, 15 0 7000;
30, 16 1 5;
31, 16 0 5000;
32, 17 1 5;
33, 18 1 5;
34, 18 0 1800;
35, 19 1 5;
36, 19 0 1800;
37, 20 1 5 21 1 5;
38, 20 0 1800 22 1 5;
39, 20a 1 5;
40, 20a 0 2000;
41, 26 1 5;
42, 26 0 2000;
43, 27 1 5 21 0 3000;
44, 17 0 11000 27 0 3000;
45, 28 1 5 22 0 3000;
46, 28 0 2000 29 1 5 30 1 5 31 1 5 32 1 5;
47, 17 0 3000;
48, 29 0 3000;
53, 33 1 5;
54, 34 1 5;
55, 30 0 2000 31 0 2000 33 0 2000 34 0 2000 35 1 5;
57, 35a 1 5;
58, 35b 1 5 35a 0 3000;
59, 35b 0 1000;
62, 35c 1 5;
63, 36 1 5 35c 0 2000 36c 1 5;
64, 36 0 2000 36c 0 2000 36 1 5 36c 0 2000 36d 1 5;
65, 14 0 2000 31 0 2000 32 0 2000 35 0 2000 14b 1 5 36b 1 5 37 1 5 36 0 1000 36d 0 1000;
66, 38 1 5;
67, 38 0 1000;
68, 38 1 5;
69, 38 0 1000;
70, 38 1 5;
71, 38 0 1000;
72, 36 0 2000 37 0 2000 39 1 5 40 1 5 36b 0 2000;
77, 41 1 5;
78, 41 0 1000;
79, 42 1 1000 ;
80, 42 0 1000 14b 0 1000 14c 1 5 40 0 1500;
81, 43 1 5 39 0 1000;
82, 43b 1 5;
84, 43 1 5;
85, 43c 1 5;
86, 43d 1 5;
87, 43e 1 5;
89, 43g 1 5;
90, 43h 1 5;
91, 43i 1 5;
92, 43j 1 5 40b 1 5;
95, 44 1 5 43b 0 10000 43c 0 10000 43d 0 10000 43e 0 10000 43f 0 10000 43g 0 10000 43h 0 10000 43i 0 10000 43j 0 10000;
96, 44 1 5;
97, 44 1 5;
98, 44 1 5;
99, 44 1 5;
100, 44 1 5;
101, 44 1 5;
102, 44 1 5;
103, 44 1 5;
104, 44 1 5;
105, 44 1 5;
106, 44 1 5;
107, 43k 1 5 40a 0 1500 40b 0 1500;
108, 45s 1 5;
109, 46 1 5;
110, took 1 5 43k 0 15000 45s 0 15000;
111, mare 1 5;
112, rest 1 5;
113, 47 1 5 good 1 5;
114, tell 1 5;
115, 43rev 1 5;
116, 14 0 200 45 0 200 46 0 200 47 0 200 43trem1 1 5 43rev 0 150;
117, 48 1 5;
118, 49 1 5;
119, 49 0 3000;
120, 50 1 5;
121, 51 1 5;
122, 51 0 3000;
123, 51 1 5;
124, 52 1 5;
125, 51 0 3000 52 0 3000 52b 1 5;
126, 53 1 5;
127, 54 1 5;
128, 55 1 5;
129, 56 1 5;
130, 53 0 3000 55 0 3000 56 0 3000 57 1 5 57b 1 5 58 1 5 43trem1 0 5000;
131, 59 1 5 59b 1 5;
132, 60 1 5;
133, 59 0 3000 60 0 3000;
134, 59 1 5;
135, 60 1 5;
136, 59 0 3000 60 0 3000;
137, 61 1 5;
138, 61 0 3000;
139, 50 0 20000 52b 0 20000 57b 0 20000 58 0 20000;
140, 57b 1 5;
141, 61b 1 5;
142, 62 1 5 63 1 5;
143, 64 1 5;
144, 57b 0 5000 64 0 3000 61b 0 2000;
145, 64 1 5 62b 1 5;
146, 64 0 3000;
147, 63 0 3000 62b 0 3000;
148, 63 1 5 62c 1 5;
149, 63 0 3000 62c 0 3000;
150, 63 1 5 62d 1 5;
151, 64 1 5;
152, 64 0 3000;
153, 63 0 3000 62d 0 3000 62e 1 5;
154, 62f 1 5;
155, 63 1 5;
156, 65 1 5 65b 1 5 62 0 3000 63 0 3000 62e 0 3000 62f 0 3000 63 0 3000 57 0 3000;
158, 66 1 5000 67 1 5 65b 0  3000;
160, 68 1 5;
162, 66 0 2000 68 0 2000;
164, 67 0 3000 68b 1 5 48 0 3000;
165, 69 1 5 68b 0 10000;
166, 70 1 5 69 0 10000;
167, 71 1 5 70 0 10000;
168, 71 0 10000 72 1 5 73b 1 5;
169, 72 0 10000 74 1 5;
170, 73c 1 5 74b 1 5;
171, 73 1 5 73c 0 100;
172, 75b 1 5 77 1 5 74b 0 10000;
173, 77 0 100 78 1 5;
174, 78b 1 5 75b 0 3000;
175, 77c 1 5;
176, 77d 1 5 78b 0 3000 77c 0 2000;
177, 77e 1 5;
178, 77f 1 5 78 0 3000;
179, 77g 1 5;
180, 77h 1 5 74c 1 5;
181, 77d 0 5000 77e 0 5000 77f 0 5000 77g 0 5000 77h 0 5000 65 0 5000 73 0 5000 74 0 5000 78 0 5000 78 0 5000 74c 0 5000;
182, 79 1 5;
183, 74 1 5;
184, 74 0 3000;
185, 80 1 5;
186, 80 0 500 43k2 1 5 79 0 500;
187, 45t 1 5 79b 1 5;
188, 73b 0 5000 43k 0 10000 45t 0 10000;
189, 80b 1 5;
190, 80c 1 5;
191, 80d 1 5;
192, 80e 1 5;
194, him 1 5 43l 1 5 80b 0 2000 80c 0 2000 80d 0 2000 80e 0 2000 79b 0 2000;
195, 80f 1 5 him 0 20000 43l 0 20000;
196, 45c 1 5;
197, 45d 1 5;
198, 80g 1 5;
199, 45e 1 5;
200, 45f 1 5;
201, 45g 1 5;
202, 45h 1 5;
203, 80h 1 5;
204, 45i 1 5;
205, 45u 1 5;
206, 80j 1 5 80f 0 10000 80g 0 10000 80h 0 10000;
207, 80k 1 5 45u 0 10000;
208, 80l 1 5;
209, 80m 1 5;
210, 45j 1 5;
211, 45k 1 5;
212, 45l 1 5;
213, 45m 1 5;
215, 80n 1 5 45n 1 5;
216, 45o 1 5;
217, 80j 0 2000 80k 0 2000 80l 0 2000 80m 0 2000 80n 0 2000 45c 0 2000 45d 0 2000 45e 0 2000 45f 0 2000 45g 0 2000 45g 0 2000 45i 0 2000;
218, 45p 1 5;
219, 45q 1 5;
220, 45r 1 5;
221, 81 1 5 81b 1 5;
222, 81c 1 5;
223, 81c 1 5 45 0 2000 45b 0 2000 45c 0 2000 45d 0 2000 45e 0 2000 45f 0 2000 45g 0 2000 45h 0 2000 45i 0 2000 45j 0 20000 45k 0 2000 45l 0 2000 45m 0 2000 45n 0 2000 45o 0 2000 45p 0 2000 45q 0 2000 45r 0 2000;
224, 81d 1 5 81e 1 5;
225, 81f 1 5;
226, 81g 1 5;
227, 81h 1 5 82 1 5;
228, 82 0 3000 81b 0 10000 81c 0 10000 81e 0 10000 81f 0 10000 81g 0 10000 81h 0 10000;
230, 83 1 5 84 1 5;
231, 81 0 2000;
232, 81d 0 20000;
233, 85 1 5;
234, 85 0 2000;
235, 86 1 5;
236, 86 0 2000 83b 1 5;
237, 85 1 5;
238, 85 0 2000 86 1 5;
239, 86 0 2000;
240, 87 1 5;
242, 88 1 5;
245, 88b 1 5;
248, 88c 1 5;
249, 88d 1 5 89 1 5;
250, 88e 1 5 89 0 2000;
251, 88 1 5 90 1 5;
252, 88g 1 5 88b 0 3500 88c 0 3500 88d 0 3500 88e 0 3500 88f 0 3500 83b 0 3500 84 0 3500 86 0 3500 87 0 3500 88 0 3500 89 0 3500 90 0 3500;
253, 43m 1 5;
254, 43m 0 10000;
255, 88h 1 5;
257, 88i 1 5;
258, 88j 1 5;
259, 88k 1 5;
260, 88l 1 5;
261, 88m 1 5;
262, 88m2 1 5;
263, 43 0 2000 88m3 1 5;
264, 43n 1 5 88g 0 5000 88h 0 5000 88i 0 5000 88j 0 5000 88k 0 5000 88m2 0 5000 88m3 0 5000;
265, 43n 0 10000;
266, 88n 1 5;
267, 90x 1 5;
268, 90a 1 5;
269, 91a 1 5;
270, 91b 1 5;
271, 91c 1 5;
272, 91d 1 5;
273, 91e 1 5;
274, 91f 1 5;
275, 91g 1 5 90a 0 2000;
276, 91h 1 5;
277, 91i 1 5;
278, 91j 1 5;
279, 91k 1 5;
280, 91l 1 5;
281, 91m 1 5 88o 1 5 88n 0 10000;
282, 91n 1 5;
283, 91o 1 5;
284, 91p 1 5;
285, 91q 1 5;
286, 91r 1 5;
287, 91s 1 5;
288, 91t 1 5;
289, 88o 0 2000 90x 0 10000 92 1 5 88l 0 5000 88m 0 5000;
291, 93 1 5;
292, 93 0 2000;
295, 92b 1 5 91a 0 2000 91b 0 2000 91c 0 2000 91d 0 2000 91e 0 2000 91f 0 2000 91g 0 2000 91h 0 2000 91i 0 2000 91j 0 2000 91k 0 2000 91l 0 2000 91m 0 2000 91m 0 2000 91n 0 2000 91o 0 2000 91p 0 2000 91q 0 2000 91r 0 2000 91s 0 2000 91t 0 2000;
296, 92b 0 10000;
297, 92 0 10000;
298, 93b 1 5;
299, 93b 0 3000 94 1 5;
300, 94 0 3000 95 1 5;
301, 95 0 3000 96 1 5;
302, 96 0 3000 97 1 5;
303, 97 0 3000 98 1 5;
304, 98 0 3000 99 1 5;
305, 99 0 3000 100 1 5;
306, 100 0 3000 101 1 5;
307, 83 0 45000 101 0 45000;
