0, all-kill 0 5;
1, 1 1 5;
2, 2 1 5;
3, 2 0 7000;
4, 3 1 5;
5, 3 0 5000;
6, 4 1 5;
7, 4 0 3000;
8, 5 1 5;
9, 5 0 3000;
10, 5b 1 5;
11, 5b 0 3000 6 1 5;
12, 6 0 3000 7 1 5;
13, 7 0 2500 8 1 5;
14, 8 0 2500 9 1 5;
15, 9 0 2000 10 1 5;
16, 10 0 2000 11 1 5;
17, 11 0 2000 12 1 5 13 1 5;
18, 12 0 5000;
19, 13b 1 5 
20, 13 0 15000;
21,
22,
23,
24,
25,
26,
27,
28,
29,
30,
















1, 1 1 5;
2, 2 1 5;
3, 2 0 7000;
4, 3 1 5;
5, 3 0 5000;
6, 4 1 5;
7, 4 0 3000;
8, 5 1 5;
9, 5 0 3000;
10, 6 0 3000 7 1 5;
11, 7 0 2500 8 1 5;
12, 8 0 2500 9 1 5;
13, 9 0 2000 10 1 5;
14, 10 0 2000 11 1 5;
15, 11 0 2000 12 1 5 13 1 5;
16, 12 0 5000;
17, 1 0 15000;
18, 13 0 15000;
19, 14 1 5;
20, 15 1 5;
21, 15 0 7000;
22, 16 1 5;
23, 16 0 5000;
24, 17 1 5;
25, 18 1 5;
26, 18 0 1800;
27, 19 1 5;
28, 19 0 1800;
29, 20 1 5 21 1 5;
30, 20 0 1800 22 1 5;
31, 23 1 5;
32, 23 0 1500;
33, 24 1 5;
34, 24 0 1200;
35, 25 1 5;
36, 25 0 1200;
37, 26 1 5;
38, 21 0 2000 26 0 2000;
39, 27 1 5;
40, 17 0 2000 27 0 2000;
41, 28 1 5 22 0 2000;
42, 28 0 2000 29 1 5 30 1 5 31 1 5 32 1 5;
43, 17 0 3000;
44, 29 0 3000;
45, ampMod 1 1;
46, ampMod 1 0;
47, ampMod 1 1;
48, ampMod 1 0;
49, 33 1 5;
50, 34 1 5;
51, 30 0 2000 31 0 2000 33 0 2000 34 0 2000 35 1 5 granulator 1 1;
52, granulator 1 0;
53, granulator 1 1 35a 1 5;
54, granulator 1 0 ampMod 1 1 35b 1 5 35a 0 	1000;
55, ampMod 1 0 35b 0 1000 granulator 1 1;
56, granulator 1 0;
57, granulator 1 1;
58, granulator 1 0 ampMod 1 1;
59, ampMod 1 0 granulator 2 1 36 1 5;
60, 36 0 1000 granulator 2 0;
61, 14 0 2000 31 0 2000 32 0 2000 35 0 2000 14b 1 5 36b 1 5 37 1 5;
62, 38 1 5;
63, 38 0 1000;
64, 38 1 5;
65, 38 0 1000;
66, 38 1 5;
67, 38 0 1000;
68, 36 0 2000 37 0 2000 39 1 5 40 1 5;
69, granulator 1 1;
70, granulator 1 0;
71, granulator 1 1;
72, granulator 1 0 39 0 1000 40 0 1000;
73, 41 1 5;
74, 41 0 1000;
75, 42 1 5 granulator 2 1;
76, 42 0 1000 14b 0 1000 granulator 2 0 14c 1 5;
77, 43 1 5;
78, 43 1 5;
79, ampMod 1 1;
80, 43 1 5;
81, 43 1 5;
82, 43 1 5;
83, 43 1 5;
84, ampMod 1 0;
85, 43 1 5;
86, 43 1 5;
87, 43 1 5;
88, 43 1 5;
89, granulator 2 1;
90, granulator 2 0;
91, 44 1 5;
92, 44 1 5;
93, 44 1 5;
94, 44 1 5;
95, 44 1 5;
96, 44 1 5;
97, 44 1 5;
98, 44 1 5;
99, 44 1 5;
100, 44 1 5;
101, 44 1 5;
102, 44 1 5;
103, 43 1 5;
104, 45 1 5;
105, 46 1 5;
109, 47 1 5;
112, 14 0 200 45 0 200 46 0 200 47 0 200 all-fade 0 200 43 1 5;
